33.8958 33.8958
-15.8887 -15.8887 1.01186
-15.8887 -13.7702 0.987337
-15.8887 -11.6517 1.01119
-15.8887 -9.53319 1.00387
-15.8887 -7.41471 0.997833
-15.8887 -5.29622 0.983999
-15.8887 -3.17773 0.99837
-15.8887 -1.05924 0.993348
-15.8887 1.05924 0.985715
-15.8887 3.17773 1.00604
-15.8887 5.29622 0.982256
-15.8887 7.41471 1.00888
-15.8887 9.53319 1.01754
-15.8887 11.6517 0.980031
-15.8887 13.7702 1.01969
-15.8887 15.8887 1.0047
-13.7702 -15.8887 1.00447
-13.7702 -13.7702 0.980283
-13.7702 -11.6517 0.980922
-13.7702 -9.53319 1.00099
-13.7702 -7.41471 0.995994
-13.7702 -5.29622 0.981867
-13.7702 -3.17773 1.01895
-13.7702 -1.05924 0.989311
-13.7702 1.05924 0.983624
-13.7702 3.17773 1.00474
-13.7702 5.29622 0.995298
-13.7702 7.41471 1.01933
-13.7702 9.53319 0.998671
-13.7702 11.6517 1.0144
-13.7702 13.7702 1.00721
-13.7702 15.8887 0.99802
-11.6517 -15.8887 0.980531
-11.6517 -13.7702 1.01769
-11.6517 -11.6517 1.00253
-11.6517 -9.53319 0.995417
-11.6517 -7.41471 0.980639
-11.6517 -5.29622 0.989236
-11.6517 -3.17773 0.989641
-11.6517 -1.05924 1.00733
-11.6517 1.05924 1.0044
-11.6517 3.17773 1.01333
-11.6517 5.29622 0.986935
-11.6517 7.41471 0.995642
-11.6517 9.53319 0.987289
-11.6517 11.6517 1.01021
-11.6517 13.7702 0.997006
-11.6517 15.8887 0.988318
-9.53319 -15.8887 1.00271
-9.53319 -13.7702 0.981253
-9.53319 -11.6517 1.01369
-9.53319 -9.53319 0.99799
-9.53319 -7.41471 0.995806
-9.53319 -5.29622 1.01707
-9.53319 -3.17773 1.00909
-9.53319 -1.05924 0.993062
-9.53319 1.05924 1.00282
-9.53319 3.17773 1.00083
-9.53319 5.29622 1.01845
-9.53319 7.41471 1.01378
-9.53319 9.53319 1.00989
-9.53319 11.6517 1.00159
-9.53319 13.7702 1.00347
-9.53319 15.8887 1.01861
-7.41471 -15.8887 1.00428
-7.41471 -13.7702 0.99104
-7.41471 -11.6517 0.991851
-7.41471 -9.53319 0.986611
-7.41471 -7.41471 0.980625
-7.41471 -5.29622 0.996936
-7.41471 -3.17773 0.995795
-7.41471 -1.05924 0.99174
-7.41471 1.05924 0.980563
-7.41471 3.17773 0.987954
-7.41471 5.29622 1.00845
-7.41471 7.41471 1.01161
-7.41471 9.53319 1.00424
-7.41471 11.6517 1.01705
-7.41471 13.7702 1.00604
-7.41471 15.8887 1.0166
-5.29622 -15.8887 1.014
-5.29622 -13.7702 0.997978
-5.29622 -11.6517 0.983816
-5.29622 -9.53319 0.994833
-5.29622 -7.41471 1.00675
-5.29622 -5.29622 1.00664
-5.29622 -3.17773 1.00365
-5.29622 -1.05924 0.990989
-5.29622 1.05924 1.00245
-5.29622 3.17773 0.995317
-5.29622 5.29622 1.01887
-5.29622 7.41471 1.01396
-5.29622 9.53319 1.00887
-5.29622 11.6517 0.989439
-5.29622 13.7702 0.990243
-5.29622 15.8887 0.981617
-3.17773 -15.8887 1.00843
-3.17773 -13.7702 0.984436
-3.17773 -11.6517 0.997573
-3.17773 -9.53319 0.988069
-3.17773 -7.41471 1.01583
-3.17773 -5.29622 0.999015
-3.17773 -3.17773 1.00253
-3.17773 -1.05924 1.00782
-3.17773 1.05924 0.985573
-3.17773 3.17773 1.00418
-3.17773 5.29622 1.00159
-3.17773 7.41471 0.988122
-3.17773 9.53319 1.01771
-3.17773 11.6517 1.00395
-3.17773 13.7702 1.00779
-3.17773 15.8887 1.01522
-1.05924 -15.8887 1.00497
-1.05924 -13.7702 0.991825
-1.05924 -11.6517 0.98422
-1.05924 -9.53319 0.998261
-1.05924 -7.41471 0.988738
-1.05924 -5.29622 0.99666
-1.05924 -3.17773 1.01533
-1.05924 -1.05924 0.992974
-1.05924 1.05924 0.984884
-1.05924 3.17773 0.994252
-1.05924 5.29622 1.01627
-1.05924 7.41471 0.990885
-1.05924 9.53319 1.00591
-1.05924 11.6517 0.980021
-1.05924 13.7702 0.994103
-1.05924 15.8887 0.992191
1.05924 -15.8887 0.986586
1.05924 -13.7702 1.00136
1.05924 -11.6517 0.999393
1.05924 -9.53319 1.0077
1.05924 -7.41471 0.990776
1.05924 -5.29622 0.989765
1.05924 -3.17773 0.986732
1.05924 -1.05924 0.988751
1.05924 1.05924 1.00232
1.05924 3.17773 0.996153
1.05924 5.29622 0.982596
1.05924 7.41471 0.990157
1.05924 9.53319 0.989875
1.05924 11.6517 1.00785
1.05924 13.7702 1.00849
1.05924 15.8887 0.985923
3.17773 -15.8887 1.01991
3.17773 -13.7702 0.990671
3.17773 -11.6517 1.01906
3.17773 -9.53319 0.996441
3.17773 -7.41471 0.981322
3.17773 -5.29622 0.993803
3.17773 -3.17773 1.00537
3.17773 -1.05924 1.00723
3.17773 1.05924 1.00124
3.17773 3.17773 0.997911
3.17773 5.29622 1.00212
3.17773 7.41471 1.00371
3.17773 9.53319 0.983234
3.17773 11.6517 0.994786
3.17773 13.7702 0.989686
3.17773 15.8887 1.01213
5.29622 -15.8887 0.998812
5.29622 -13.7702 1.01934
5.29622 -11.6517 0.995953
5.29622 -9.53319 1.01266
5.29622 -7.41471 1.01193
5.29622 -5.29622 0.986029
5.29622 -3.17773 1.00033
5.29622 -1.05924 1.00783
5.29622 1.05924 1.01433
5.29622 3.17773 0.993038
5.29622 5.29622 0.98881
5.29622 7.41471 1.00845
5.29622 9.53319 1.01238
5.29622 11.6517 0.993947
5.29622 13.7702 0.983847
5.29622 15.8887 1.01762
7.41471 -15.8887 0.995903
7.41471 -13.7702 1.00071
7.41471 -11.6517 1.01351
7.41471 -9.53319 1.00703
7.41471 -7.41471 1.00941
7.41471 -5.29622 0.988363
7.41471 -3.17773 1.00166
7.41471 -1.05924 1.00783
7.41471 1.05924 0.989142
7.41471 3.17773 0.986998
7.41471 5.29622 1.01929
7.41471 7.41471 1.00067
7.41471 9.53319 0.990433
7.41471 11.6517 1.01985
7.41471 13.7702 1.01862
7.41471 15.8887 1.00233
9.53319 -15.8887 1.01531
9.53319 -13.7702 0.987548
9.53319 -11.6517 0.991155
9.53319 -9.53319 1.00801
9.53319 -7.41471 1.01387
9.53319 -5.29622 1.01425
9.53319 -3.17773 0.99618
9.53319 -1.05924 1.01551
9.53319 1.05924 1.01404
9.53319 3.17773 1.01743
9.53319 5.29622 1.01141
9.53319 7.41471 1.00676
9.53319 9.53319 1.00323
9.53319 11.6517 0.994891
9.53319 13.7702 1.01761
9.53319 15.8887 1.01895
11.6517 -15.8887 0.991357
11.6517 -13.7702 0.992215
11.6517 -11.6517 0.999425
11.6517 -9.53319 0.997937
11.6517 -7.41471 1.01978
11.6517 -5.29622 0.987037
11.6517 -3.17773 0.980723
11.6517 -1.05924 0.999756
11.6517 1.05924 0.987153
11.6517 3.17773 0.994659
11.6517 5.29622 1.00977
11.6517 7.41471 1.00884
11.6517 9.53319 0.992322
11.6517 11.6517 1.0017
11.6517 13.7702 1.00035
11.6517 15.8887 1.00545
13.7702 -15.8887 0.990018
13.7702 -13.7702 1.00359
13.7702 -11.6517 1.01916
13.7702 -9.53319 0.99947
13.7702 -7.41471 1.01624
13.7702 -5.29622 0.997376
13.7702 -3.17773 0.994003
13.7702 -1.05924 1.0058
13.7702 1.05924 1.00676
13.7702 3.17773 1.01457
13.7702 5.29622 0.989207
13.7702 7.41471 0.999968
13.7702 9.53319 1.00288
13.7702 11.6517 1.01074
13.7702 13.7702 0.981744
13.7702 15.8887 1.01978
15.8887 -15.8887 0.998798
15.8887 -13.7702 0.991182
15.8887 -11.6517 1.01534
15.8887 -9.53319 1.00991
15.8887 -7.41471 1.01812
15.8887 -5.29622 0.99323
15.8887 -3.17773 1.00211
15.8887 -1.05924 1.00289
15.8887 1.05924 1.01921
15.8887 3.17773 0.983014
15.8887 5.29622 0.992228
15.8887 7.41471 0.987636
15.8887 9.53319 0.990739
15.8887 11.6517 0.999411
15.8887 13.7702 0.994907
15.8887 15.8887 0.995788
